       .000            450.30823                          
   -60177.34766       31741.31641       23179.84961       
  -26.495981216     -46.925094604     -26.029304504       
   -.8358171582       .4336886704       .3366362453       
    .5408470035       .7557702065       .3691825569       
    .0943093449      -.4906378388       .8662449121       
      1.000            443.35205                          
   -60203.83203       31694.38477       23153.81250       
  -26.475009918     -46.936061859     -26.037469864       
   -.8362661600       .4330816269       .3363021612       
    .5401472449       .7561807632       .3693665266       
    .0943393782      -.4905414879       .8662962317       
      2.000            436.41992                          
   -60230.29688       31647.44141       23127.77344       
  -26.454021454     -46.947013855     -26.045627594       
   -.8367147446       .4324742854       .3359678388       
    .5394468904       .7565907240       .3695502579       
    .0943691954      -.4904450178       .8663475513       
      3.000            429.51184                          
   -60256.74219       31600.49219       23101.72461       
  -26.433019638     -46.957950592     -26.053773880       
   -.8376226425       .4312416911       .3352891803       
    .5387460589       .7570004463       .3697338402       
    .0943694413      -.4903333485       .8664107919       
      4.000            422.62784                          
   -60283.16016       31553.52930       23075.66602       
  -26.411993027     -46.968872070     -26.061908722       
   -.8371629119       .4318664968       .3356332481       
    .5380446315       .7574095726       .3699170947       
    .0944570750      -.4902667403       .8664389253       
      5.000            415.76791                          
   -60309.56641       31506.55469       23049.59961       
  -26.390945435     -46.979763031     -26.070034027       
   -.8386415839       .4298529923       .3345241845       
    .5373428464       .7578183413       .3701002002       
    .0944199562      -.4901359677       .8665169477       
      6.000            408.93207                          
   -60335.94531       31459.57031       23023.52539       
  -26.369878769     -46.990631104     -26.078144073       
   -.8380575776       .4306496978       .3349630833       
    .5366404057       .7582265735       .3702830672       
    .0945156738      -.4900735021       .8665418625       
      7.000            402.12033                          
   -60362.30859       31412.56641       22997.44141       
  -26.348796844     -47.001476288     -26.086242676       
   -.8397851586       .4282882214       .3336617947       
    .5359376073       .7586343884       .3704656959       
    .0944613293      -.4899340570       .8666266203       
      8.000            395.33267                          
   -60388.63672       31365.56445       22971.35156       
  -26.327686310     -47.012302399     -26.094326019       
   -.8389503956       .4294312894       .3342918158       
    .5352341533       .7590417266       .3706480861       
    .0945735946      -.4898799658       .8666449189       
      9.000            388.56918                          
   -60414.95703       31318.54492       22945.25391       
  -26.306549072     -47.023086548     -26.102390289       
   -.8409252763       .4267208576       .3327974975       
    .5345302820       .7594485879       .3708302379       
    .0945017934      -.4897319376       .8667364717       
     10.000            381.82980                          
   -60441.25391       31271.51758       22919.14844       
  -26.285385132     -47.033824921     -26.110431671       
   -.8398413062       .4282111526       .3336193264       
    .5338259935       .7598551512       .3710122108       
    .0946307778      -.4896862209       .8667481542       
     11.000            375.11456                          
   -60467.53125       31224.48047       22893.03516       
  -26.264190674     -47.044528961     -26.118450165       
   -.8402860761       .4276005924       .3332826495       
    .5331211686       .7602611780       .3711940050       
    .0946591347      -.4895893335       .8667998910       
     12.000            368.42352                          
   -60493.78125       31177.42578       22866.91016       
  -26.242959976     -47.055179596     -26.126441956       
   -.8422040343       .4249542058       .3318227828       
    .5324158072       .7606666088       .3713754714       
    .0945891142      -.4894425273       .8668903708       
     13.000            361.75662                          
   -60520.01563       31130.37109       22840.78125       
  -26.221685410     -47.065761566     -26.134391785       
   -.8411739469       .4263780415       .3326084018       
    .5317099690       .7610716820       .3715567589       
    .0947152376      -.4893952608       .8669033647       
     14.000            355.11395                          
   -60546.22266       31083.29492       22814.64063       
  -26.200365067     -47.076263428     -26.142301559       
   -.8416171074       .4257661700       .3322708607       
    .5310035944       .7614762783       .3717377782       
    .0947430357      -.4892981052       .8669551611       
     15.000            348.49548                          
   -60572.41016       31036.21484       22788.49414       
  -26.178985596     -47.086681366     -26.150157928       
   -.8433195353       .4234058261       .3309679925       
    .5302968025       .7618804574       .3719185889       
    .0946856663      -.4891580939       .8670403361       
     16.000            341.90128                          
   -60598.58594       30989.12500       22762.33984       
  -26.157543182     -47.096973419     -26.157951355       
   -.8425019979       .4245412648       .3315948844       
    .5295895338       .7622841597       .3720992208       
    .0947981104      -.4891037345       .8670588136       
     17.000            335.33133                          
   -60624.73438       30942.02539       22736.17969       
  -26.136016846     -47.107135773     -26.165664673       
   -.8444319367       .4218547940       .3301113546       
    .5288817286       .7626874447       .3722795844       
    .0947240219      -.4889555573       .8671504259       
     18.000            328.78568                          
   -60650.85547       30894.90625       22710.00977       
  -26.114398956     -47.117126465     -26.173278809       
   -.8433849216       .4233147204       .3309177160       
    .5281734467       .7630901933       .3724597096       
    .0948523954      -.4889090657       .8671626449       
     19.000            322.26437                          
   -60676.96094       30847.78516       22683.83398       
  -26.092664719     -47.126907349     -26.180778503       
   -.8438256979       .4227009714       .3305787444       
    .5274646282       .7634924054       .3726395965       
    .0948793218      -.4888117015       .8672145605       
     20.000            315.76746                          
   -60703.03125       30800.65430       22657.64648       
  -26.070791245     -47.136440277     -26.188133240       
   -.8449868560       .4210783243       .3296823204       
    .5267555118       .7638942599       .3728193045       
    .0948563442      -.4886894524       .8672859073       
     21.000            309.29495                          
   -60729.10156       30753.51563       22631.45703       
  -26.048746109     -47.145656586     -26.195312500       
   -.8454716802       .4203985035       .3293066323       
    .5260457993       .7642956376       .3729987144       
    .0948795229      -.4885903299       .8673392534       
     22.000            302.84698                          
   -60755.13672       30706.36328       22605.25781       
  -26.026487350     -47.154487610     -26.202266693       
   -.8459559083       .4197181761       .3289305270       
    .5253356099       .7646965384       .3731779456       
    .0949025005      -.4884911776       .8673925996       
     23.000            296.42355                          
   -60781.16016       30659.20313       22579.05078       
  -26.003982544     -47.162841797     -26.208946228       
   -.8468270898       .4184910357       .3282520175       
    .5246250629       .7650969028       .3733569384       
    .0948981792      -.4883785248       .8674564958       
     24.000            290.02481                          
   -60807.14844       30612.03711       22552.83984       
  -25.981153488     -47.170578003     -26.215278625       
   -.8460215330       .4196259081       .3288795352       
    .5239139795       .7654967308       .3735355735       
    .0950110257      -.4883239865       .8674749136       
     25.000            283.65085                          
   -60833.12109       30564.86328       22526.62109       
  -25.957937241     -47.177581787     -26.221187592       
   -.8475873470       .4174163043       .3276574612       
    .5232024789       .7658962011       .3737140596       
    .0949573219      -.4881869853       .8675578237       
     26.000            277.30179                          
   -60859.06250       30517.68359       22500.39844       
  -25.934230804     -47.183647156     -26.226560593       
   -.8468961716       .4183933139       .3281979561       
    .5224905610       .7662950158       .3738923371       
    .0950624719      -.4881285727       .8675792217       
     27.000            270.97781                          
   -60884.98438       30470.50195       22474.17188       
  -25.909923553     -47.188552856     -26.231271744       
   -.8479669094       .4168784916       .3273599148       
    .5217781663       .7666935325       .3740703464       
    .0950428694      -.4880086184       .8676488400       
     28.000            264.67914                          
   -60910.87891       30423.30469       22447.93359       
  -25.884857178     -47.192012787     -26.235151291       
   -.8483459949       .4163405299       .3270621896       
    .5210655332       .7670913935       .3742480874       
    .0950719565      -.4879127443       .8676996231       
     29.000            258.40604                          
   -60936.75781       30376.11523       22421.69922       
  -25.858858109     -47.193664551     -26.237993240       
   -.8487247229       .4158022404       .3267642856       
    .5203524828       .7674887180       .3744255602       
    .0951008946      -.4878167808       .8677502275       
     30.000            252.15878                          
   -60962.60156       30328.92383       22395.46094       
  -25.831699371     -47.193058014     -26.239543915       
   -.8491030335       .4152638912       .3264662623       
    .5196390152       .7678854465       .3746027052       
    .0951296985      -.4877209663       .8678011894       
     31.000            245.93779                          
   -60988.41797       30281.72852       22369.22070       
  -25.803089142     -47.189636230     -26.239479065       
   -.8498580456       .4141865373       .3258696795       
    .5189253092       .7682816982       .3747796714       
    .0951310322      -.4876116216       .8678622842       
     32.000            239.74358                          
   -61014.20703       30234.54102       22342.98047       
  -25.772665024     -47.182704926     -26.237398148       
   -.8502347469       .4136476219       .3255712092       
    .5182114244       .7686773539       .3749563396       
    .0951594263      -.4875156283       .8679130673       
     33.000            233.57671                          
   -61039.96094       30187.36133       22316.74609       
  -25.739992142     -47.171375275     -26.232799530       
   -.8506109118       .4131087065       .3252726793       
    .5174972415       .7690722942       .3751326203       
    .0951876640      -.4874196947       .8679639101       
     34.000            227.43796                          
   -61065.69141       30140.20703       22290.51953       
  -25.704509735     -47.154571533     -26.225055695       
   -.8509865999       .4125697613       .3249740899       
    .5167829990       .7694665790       .3753085732       
    .0952157080      -.4873237312       .8680147529       
     35.000            221.32826                          
   -61091.37109       30093.05078       22264.29492       
  -25.665534973     -47.130939484     -26.213394165       
   -.8513615727       .4120309353       .3246755004       
    .5160687566       .7698601484       .3754842877       
    .0952436030      -.4872277975       .8680655956       
     36.000            215.24878                          
   -61117.01563       30045.94141       22238.09180       
  -25.622137070     -47.098663330     -26.196769714       
   -.8517358899       .4114919901       .3243768513       
    .5153545737       .7702529430       .3756595552       
    .0952713042      -.4871318340       .8681162596       
     37.000            209.20097                          
   -61142.60938       29998.86133       22211.90625       
  -25.573143005     -47.055423737     -26.173851013       
   -.8521098495       .4109529853       .3240780532       
    .5146406293       .7706447840       .3758344352       
    .0952987894      -.4870359600       .8681671023       
     38.000            203.18671                          
   -61168.16016       29951.83789       22185.74805       
  -25.517148972     -46.998466492     -26.143060684       
   -.8525342345       .4103400409       .3237382472       
    .5139272213       .7710357308       .3760088682       
    .0953222811      -.4869383276       .8682191968       
     39.000            197.20827                          
   -61193.64453       29904.87500       22159.62305       
  -25.452434540     -46.924385071     -26.102436066       
   -.8529555202       .4097305238       .3234003186       
    .5132144690       .7714256048       .3761827648       
    .0953457505      -.4868409634       .8682714105       
     40.000            191.26848                          
   -61219.06250       29857.99805       22133.54688       
  -25.376857758     -46.828983307     -26.049564362       
   -.8534666896       .4089898169       .3229895830       
    .5125026107       .7718142867       .3763560653       
    .0953621566      -.4867403805       .8683259487       
     41.000            185.37086                          
   -61244.39063       29811.22852       22107.53125       
  -25.287818909     -46.707107544     -25.981489182       
   -.8538482785       .4084353149       .3226820529       
    .5117920637       .7722012997       .3765287399       
    .0953878909      -.4866446257       .8683768511       
     42.000            179.51978                          
   -61269.63281       29764.58984       22081.58984       
  -25.182157516     -46.552509308     -25.894615173       
   -.8542284966       .4078821540       .3223752677       
    .5110833645       .7725868821       .3767006099       
    .0954134464      -.4865491092       .8684275150       
     43.000            173.72052                          
   -61294.75000       29718.13281       22055.74805       
  -25.056089401     -46.357707977     -25.784641266       
   -.8546836376       .4072189331       .3220073879       
    .5103769302       .7729702592       .3768715858       
    .0954329073      -.4864511788       .8684802651       
     44.000            167.97955                          
   -61319.73047       29671.88477       22030.02734       
  -24.905073166     -46.113708496     -25.646402359       
   -.8551152349       .4065886140       .3216577768       
    .5096735358       .7733514905       .3770415187       
    .0954537168      -.4863544405       .8685320616       
     45.000            162.30473                          
   -61344.55078       29625.92578       22004.46484       
  -24.723894119     -45.810161591     -25.473937988       
   -.8555367589       .4059718251       .3213156760       
    .5089740157       .7737298608       .3772101998       
    .0954748318      -.4862585664       .8685834408       
     46.000            156.70546                          
   -61369.16406       29580.29297       21979.09570       
  -24.506578445     -45.435207367     -25.260433197       
   -.8558924794       .4054506123       .3210266232       
    .5082792640       .7741050124       .3773773909       
    .0955004096      -.4861656427       .8686326742       
     47.000            151.19286                          
   -61393.54688       29535.08203       21953.96094       
  -24.246513367     -44.975669861     -24.998308182       
   -.8563322425       .4048046768       .3206683695       
    .5075905323       .7744761705       .3775427938       
    .0955189317      -.4860703647       .8686839938       
     48.000            145.77989                          
   -61417.64453       29490.37500       21929.11719       
  -23.936717987     -44.417636871     -24.679553986       
   -.8567196727       .4042346179       .3203523159       
    .5069091916       .7748426199       .3777060807       
    .0955407843      -.4859778881       .8687332869       
     49.000            140.48148                          
   -61441.40625       29446.28711       21904.62500       
  -23.570178986     -43.747074127     -24.296091080       
   -.8570951819       .4036813080       .3200456500       
    .5062369704       .7752035856       .3778669238       
    .0955627486      -.4858869016       .8687817454       
     50.000            135.31425                          
   -61464.76172       29402.92773       21880.55078       
  -23.140417099     -42.950923920     -23.840396881       
   -.8574861288       .4031043351       .3197259903       
    .5055755377       .7755582333       .3780249059       
    .0955826640      -.4857967198       .8688299656       
     51.000            130.29640                          
   -61487.66016       29360.42969       21856.96875       
  -22.642442703     -42.019069672     -23.306640625       
   -.8579049110       .4024845064       .3193827868       
    .5049269199       .7759053111       .3781794608       
    .0955994725      -.4857071042       .8688782454       
     52.000            125.44701                          
   -61510.01953       29318.93359       21833.96289       
  -22.073324203     -40.945392609     -22.691278458       
   -.8582325578       .4019988179       .3191141486       
    .5042933822       .7762439251       .3783302307       
    .0956220701      -.4856224656       .8689230084       
     53.000            120.78533                          
   -61531.78125       29278.58203       21811.61328       
  -21.433347702     -39.730083466     -21.994401932       
   -.8586058021       .4014446437       .3188077807       
    .5036768913       .7765725851       .3784766793       
    .0956399590      -.4855383933       .8689681292       
     54.000            116.32980                          
   -61552.87891       29239.51953       21790.00000       
  -20.726716995     -38.381134033     -21.220581055       
   -.8589820266       .4008847475       .3184986711       
    .5030798316       .7768905759       .3786182702       
    .0956563354      -.4854565263       .8690119982       
     55.000            112.09682                          
   -61573.21484       29201.85742       21769.19336       
  -19.961380005     -36.913887024     -20.378608704       
   -.8592957258       .4004169405       .3182407916       
    .5025038719       .7771968246       .3787545264       
    .0956759751      -.4853793979       .8690528274       
     56.000            108.10007                          
   -61592.78125       29165.72266       21749.26172       
  -19.147911072     -35.348960876     -19.480319977       
   -.8595958948       .3999684453       .3179938793       
    .5019508600       .7774903178       .3788852096       
    .0956950560      -.4853055775       .8690920472       
     57.000            104.34953                          
   -61611.49609       29131.18555       21730.24805       
  -18.300203323     -33.713584900     -18.541364670       
   -.8599219322       .3994803727       .3177257776       
    .5014221072       .7777706981       .3790100217       
    .0957107395      -.4852338135       .8691303134       
     58.000            100.85091                          
   -61629.37109       29098.31641       21712.18750       
  -17.433073044     -32.036899567     -17.578479767       
   -.8602260947       .3990242183       .3174757361       
    .5009184480       .7780373096       .3791286945       
    .0957264602      -.4851658642       .8691664934       
     59.000             97.60651                          
   -61646.37109       29067.11719       21695.09570       
  -16.558126450     -30.341728210     -16.604784012       
   -.8604726791       .3986534774       .3172730803       
    .5004404187       .7782901525       .3792411983       
    .0957446843      -.4851029515       .8691995740       
     60.000             94.61459                          
   -61662.49609       29037.62500       21678.97656       
  -15.690034866     -28.657058716     -15.636944771       
   -.8607402444       .3982506692       .3170534968       
    .4999879003       .7785289884       .3793474734       
    .0957599506      -.4850426018       .8692317009       
     61.000             91.86986                          
   -61677.75391       29009.79297       21663.81250       
  -14.843419075     -27.011919022     -14.691667557       
   -.8609800339       .3978886604       .3168567419       
    .4995608330       .7787543535       .3794477582       
    .0957755893      -.4849861860       .8692614436       
     62.000             89.36237                          
   -61692.18359       28983.57422       21649.57813       
  -14.033944130     -25.437604904     -13.786961555       
   -.8612412214       .3974933028       .3166426718       
    .4991582334       .7789664268       .3795421422       
    .0957885832      -.4849322736       .8692902327       
     63.000             87.07846                          
   -61705.83594       28958.88281       21636.22070       
  -13.273869514     -23.958724976     -12.937007904       
   -.8614456654       .3971833587       .3164754808       
    .4987788796       .7791661024       .3796310127       
    .0958038941      -.4848828018       .8693159223       
     64.000             85.00145                          
   -61718.75781       28935.61719       21623.68359       
  -12.572604179     -22.594379425     -12.152815819       
   -.8616287112       .3969051242       .3163259923       
    .4984210730       .7793542147       .3797146678       
    .0958193392      -.4848367274       .8693400025       
     65.000             83.11269                          
   -61731.00391       28913.65625       21611.89258       
  -11.934585571     -21.353792191     -11.439716339       
   -.8618304729       .3965981305       .3161616623       
    .4980832040       .7795317769       .3797936141       
    .0958326384      -.4847926497       .8693631887       
     66.000             81.39315                          
   -61742.64453       28892.87305       21600.78125       
  -11.359343529     -20.236373901     -10.797396660       
   -.8620156050       .3963156939       .3160111904       
    .4977632761       .7796997428       .3798683882       
    .0958460271      -.4847511649       .8693845868       
     67.000             79.82457                          
   -61753.74609       28873.14844       21590.27734       
  -10.843358040     -19.235399246     -10.222002983       
   -.8622013330       .3960316777       .3158604503       
    .4974594712       .7798591852       .3799392283       
    .0958587006      -.4847119153       .8694052696       
     68.000             78.38994                          
   -61764.35156       28854.36133       21580.31445       
  -10.382514954     -18.342967987      -9.709004402       
   -.8623441458       .3958127499       .3157447577       
    .4971700907       .7800108194       .3800067008       
    .0958728269      -.4846754670       .8694240451       
     69.000             77.07358                          
   -61774.51953       28836.42773       21570.83789       
   -9.972119331     -17.549978256      -9.253183365       
   -.8625233173       .3955380023       .3156001270       
    .4968934357       .7801555991       .3800711036       
    .0958846658      -.4846398532       .8694425821       
     70.000             75.86132                          
   -61784.30469       28819.22852       21561.78906       
   -9.607034683     -16.846393585      -8.848773956       
   -.8626658320       .3953185081       .3154850602       
    .4966282845       .7802944183       .3801328242       
    .0958977118      -.4846065044       .8694598079       
     71.000             74.74055                          
   -61793.75000       28802.70313       21553.12500       
   -9.282220840     -16.222356796      -8.490112305       
   -.8628302813       .3950653076       .3153528571       
    .4963732064       .7804278135       .3801921308       
    .0959094167      -.4845740795       .8694766164       
     72.000             73.70006                          
   -61802.88281       28786.75977       21544.79492       
   -8.993022919     -15.668725967      -8.171947479       
   -.8629360795       .3949019611       .3152678609       
    .4961271584       .7805563211       .3802492917       
    .0959231555      -.4845438302       .8694918156       
     73.000             72.73001                          
   -61811.75000       28771.34961       21536.77148       
   -8.735148430     -15.177065849      -7.889432430       
   -.8630899191       .3946642280       .3151445985       
    .4958891869       .7806807756       .3803046048       
    .0959346816      -.4845138788       .8695073128       
     74.000             71.82176                          
   -61820.36719       28756.39453       21529.00781       
   -8.504686356     -14.739675522      -7.638136387       
   -.8632017374       .3944909871       .3150550425       
    .4956581295       .7808012366       .3803581893       
    .0959474966      -.4844855368       .8695217371       
     75.000             70.96778                          
   -61828.76953       28741.85742       21521.48633       
   -8.298063278     -14.349455833      -7.413980484       
   -.8633466959       .3942662477       .3149392009       
    .4954334795       .7809184790       .3804102838       
    .0959588885      -.4844574034       .8695359826       
     76.000             70.16154                          
   -61836.96875       28727.67773       21514.16992       
   -8.112318039     -14.000583649      -7.213611603       
   -.8635334373       .3939759135       .3147901893       
    .4952145517       .7810326219       .3804610670       
    .0959689170      -.4844295979       .8695504665       
     77.000             69.39729                          
   -61844.99219       28713.83789       21507.05078       
   -7.944890022     -13.687983513      -7.034114838       
   -.8636243939       .3938344121       .3147177696       
    .4950006008       .7811440229       .3805106282       
    .0959817469      -.4844037890       .8695634007       
     78.000             68.67002                          
   -61852.86328       28700.29297       21500.09766       
   -7.793531895     -13.407225609      -6.872940540       
   -.8637138605       .3936950564       .3146466017       
    .4947912395       .7812531590       .3805590868       
    .0959944129      -.4843786061       .8695760369       
     79.000             67.97530                          
   -61860.58984       28687.01367       21493.29883       
   -7.656298161     -13.154448509      -6.727869511       
   -.8638888597       .3934221864       .3145076334       
    .4945859909       .7813599110       .3806065321       
    .0960046127      -.4843529165       .8695892692       
     80.000             67.30930                          
   -61868.18359       28673.97852       21486.63867       
   -7.531463146     -12.926230431      -6.596929550       
   -.8639317751       .3933551013       .3144735098       
    .4943844378       .7814647555       .3806531727       
    .0960181281      -.4843292832       .8696008921       
     81.000             66.66861                          
   -61875.66016       28661.15820       21480.10156       
   -7.417476177     -12.719453812      -6.478328228       
   -.8640382290       .3931890726       .3143892884       
    .4941861928       .7815678120       .3806990087       
    .0960298777      -.4843052626       .8696128726       
     82.000             66.05032                          
   -61883.01563       28648.53516       21473.67773       
   -7.313091755     -12.531643867      -6.370639801       
   -.8642048836       .3929281235       .3142572045       
    .4939909875       .7816691995       .3807440400       
    .0960401446      -.4842811227       .8696252108       
     83.000             65.45181                          
   -61890.28125       28636.08594       21467.35547       
   -7.217237473     -12.360675812      -6.272642612       
   -.8642867208       .3927996755       .3141923547       
    .4937986135       .7817692161       .3807885051       
    .0960522965      -.4842582643       .8696367741       
     84.000             64.87080                          
   -61897.44922       28623.80273       21461.12891       
   -7.128983974     -12.204700470      -6.183272362       
   -.8643680811       .3926725090       .3141281903       
    .4936087132       .7818677425       .3808323145       
    .0960643291      -.4842356741       .8696479797       
     85.000             64.30522                          
   -61904.54688       28611.67578       21454.98828       
   -7.047511101     -12.062090874      -6.101592541       
   -.8645279408       .3924213350       .3140017390       
    .4934211671       .7819649577       .3808755279       
    .0960747078      -.4842126667       .8696595430       
     86.000             63.75328                          
   -61911.55859       28599.67773       21448.92383       
   -6.972106457     -11.931425095      -6.026783943       
   -.8646067977       .3922973275       .3139394224       
    .4932357669       .7820612192       .3809182942       
    .0960866287      -.4841907322       .8696705103       
     87.000             63.21334                          
   -61918.49609       28587.81055       21442.93359       
   -6.902143478     -11.811450005      -5.958126545       
   -.8646850586       .3921742439       .3138776422       
    .4930522144       .7821562886       .3809605241       
    .0960984901      -.4841690361       .8696812987       
     88.000             62.68397                          
   -61925.36328       28576.05273       21437.00586       
   -6.837062359     -11.701038361      -5.894968510       
   -.8647965193       .3919987977       .3137896657       
    .4928705394       .7822505236       .3810024261       
    .0961096510      -.4841472805       .8696920872       
     89.000             62.16391                          
   -61932.16406       28564.40234       21431.14063       
   -6.776354790     -11.599146843      -5.836711407       
   -.8648847938       .3918598890       .3137201667       
    .4926905036       .7823436856       .3810437918       
    .0961211994      -.4841259122       .8697027564       
     90.000             61.65205                          
   -61938.91016       28552.85156       21425.33203       
   -6.719608784     -11.504958153      -5.782881260       
   -.8650591373       .3915848434       .3135826886       
    .4925119579       .7824360728       .3810848892       
    .0961313397      -.4841042161       .8697137237       
     91.000             61.14738                          
   -61945.60156       28541.38672       21419.57227       
   -6.666460037     -11.417734146      -5.733055115       
   -.8651740551       .3914035857       .3134922385       
    .4923348427       .7825276852       .3811255693       
    .0961424559      -.4840831459       .8697242737       
     92.000             60.64901                          
   -61952.25000       28530.01758       21413.86523       
   -6.616581440     -11.336823463      -5.686856747       
   -.8652877808       .3912236094       .3134025335       
    .4921590686       .7826186419       .3811659813       
    .0961535424      -.4840622842       .8697347045       
     93.000             60.15614                          
   -61958.83984       28518.71094       21408.19727       
   -6.569686413     -11.261641502      -5.643949032       
   -.8651785254       .3913964629       .3134886622       
    .4919844568       .7827088833       .3812060356       
    .0961676687      -.4840429127       .8697438836       
     94.000             59.66805                          
   -61965.38281       28507.49219       21402.57617       
   -6.525516033     -11.191670418      -5.604033947       
   -.8654007316       .3910449743       .3133136034       
    .4918110371       .7827983499       .3812458515       
    .0961771309      -.4840216637       .8697546721       
     95.000             59.18410                          
   -61971.89453       28496.32813       21396.98828       
   -6.483845711     -11.126449585      -5.566845894       
   -.8654848933       .3909118176       .3132473826       
    .4916387498       .7828875780       .3812854588       
    .0961884633      -.4840013385       .8697646260       
     96.000             58.70365                          
   -61978.35156       28485.23242       21391.43945       
   -6.444661140     -11.066344261      -5.532611847       
   -.8655824661       .3907572627       .3131705821       
    .4914673567       .7829758525       .3813246787       
    .0961996242      -.4839811325       .8697746396       
     97.000             58.22572                          
   -61984.78516       28474.19531       21385.92383       
   -6.407874584     -11.011505127      -5.501432419       
   -.8656794429       .3906035721       .3130942583       
    .4912969470       .7830638885       .3813637793       
    .0962107331      -.4839610159       .8697845340       
     98.000             57.74940                          
   -61991.17578       28463.21484       21380.43945       
   -6.373209953     -10.961285591      -5.472930908       
   -.8658240438       .3903743029       .3129805624       
    .4911272824       .7831513286       .3814026415       
    .0962213501      -.4839408994       .8697947264       
     99.000             57.27390                          
   -61997.52734       28452.27148       21374.97656       
   -6.340435028     -10.915140152      -5.446791649       
   -.8659197688       .3902222216       .3129051924       
    .4909584522       .7832383513       .3814412951       
    .0962324589      -.4839210510       .8698045015       
    100.000             56.79855                          
   -62003.85547       28441.38086       21369.54297       
   -6.309349537     -10.872603416      -5.422740459       
   -.8660151362       .3900708258       .3128302097       
    .4907903671       .7833250165       .3814797997       
    .0962435752      -.4839013219       .8698142171       
    101.000             56.32276                          
   -62010.14453       28430.52539       21364.13086       
   -6.279786587     -10.833272934      -5.400544643       
   -.8661098480       .3899199665       .3127555251       
    .4906228483       .7834111452       .3815180659       
    .0962546766      -.4838816524       .8698238134       
    102.000             55.84601                          
   -62016.41797       28419.70898       21358.74023       
   -6.251601219     -10.796803474      -5.380002499       
   -.8662045002       .3897695839       .3126811385       
    .4904560447       .7834970951       .3815562129       
    .0962657258      -.4838620424       .8698334694       
    103.000             55.36787                          
   -62022.65234       28408.93164       21353.36914       
   -6.224666119     -10.762890816      -5.360936165       
   -.8662986755       .3896197379       .3126070499       
    .4902897477       .7835826874       .3815942407       
    .0962768048      -.4838425815       .8698430061       
    104.000             54.88798                          
   -62028.86719       28398.18164       21348.01563       
   -6.198876858     -10.731269836      -5.343192101       
   -.8663924932       .3894703090       .3125331998       
    .4901239872       .7836678624       .3816320896       
    .0962878913      -.4838232696       .8698527217       
    106.000             53.92171                          
   -62041.21484       28376.78125       21337.36523       
   -6.150372982     -10.673994064      -5.311134338       
   -.8665267825       .3892562389       .3124274909       
    .4897940755       .7838374376       .3817074001       
    .0963103995      -.4837848544       .8698714972       
    107.000             53.43488                          
   -62047.34766       28366.11914       21332.06250       
   -6.127506733     -10.647915840      -5.296573162       
   -.8666082025       .3891263902       .3123633862       
    .4896297753       .7839217782       .3817448616       
    .0963214859      -.4837657213       .8698809743       
    108.000             52.94537                          
   -62053.46875       28355.48242       21326.77148       
   -6.105484009     -10.623330116      -5.282863140       
   -.8667300344       .3889320791       .3122675419       
    .4894659221       .7840060592       .3817822933       
    .0963322818      -.4837464988       .8698905110       
    109.000             52.45306                          
   -62059.55859       28344.86914       21321.49414       
   -6.084252834     -10.600099564      -5.269926071       
   -.8668109179       .3888028562       .3122038245       
    .4893024266       .7840898633       .3818195164       
    .0963433459      -.4837274551       .8698998690       
    110.000             51.95786                          
   -62065.63281       28334.27930       21316.23047       
   -6.063768864     -10.578097343      -5.257686138       
   -.8668916821       .3886739016       .3121402860       
    .4891394079       .7841736078       .3818566799       
    .0963544175      -.4837084711       .8699091673       
    111.000             51.45972                          
   -62071.69141       28323.71484       21310.97656       
   -6.043993473     -10.557220459      -5.246083260       
   -.8669720888       .3885452449       .3120768070       
    .4889765978       .7842569947       .3818936944       
    .0963654593      -.4836894870       .8699184656       
